{
    "instructions": [
        {
            "folding-lines": [
                [[380, 757], [380, 57]],
                [[629, 57], [629, 757]],
                [[107, 394], [907, 394]]
            ],
            "grasp-points": [
                [417, 394],
                [592, 394]
            ]
        },
        {
            "folding-lines": [
                [[629, 57], [629, 757]],
                [[380, 757], [380, 57]],
                [[107, 394], [907, 394]]
            ],
            "grasp-points": [
                [417, 394],
                [592, 394]
            ]
        }
    ]
    
}